[Picarro]
SampleVol = 1.8
FillSpeed = 0.50000000000000000000
InjSpd = 1.0
SampleWashVol = 0.0
FillStrokes = 0
ViscosityDly = 1.0
PreInjDly = 0.0
PostInjDly = 2.0
WasteEject = 0.50000000000000000000
RinseVol = 0.0
PreRinse1 = 0
PostRinse1 = 0
FillSpdRinse1 = 0.50000000000000000000
PreRinse2 = 0
PreSampleRinse = 0
PostRinse2 = 0
SolventViscosityDelay = 0.00000000000000000000
RinseBetweenVials = False
InjectionPointOffset = 40.0
[Picarro Rinse]
SampleVol = 1.8
FillSpeed = 0.50000000000000000000
InjSpd = 1.0
SampleWashVol = 1.8
FillStrokes = 0
ViscosityDly = 1.0
PreInjDly = 0.0
PostInjDly = 2.0
WasteEject = 0.50000000000000000000
RinseVol = 1.8
PreRinse1 = 0
PostRinse1 = 0
FillSpdRinse1 = 0.50000000000000000000
PreRinse2 = 0
PreSampleRinse = 3
PostRinse2 = 0
SolventViscosityDelay = 1.0
RinseBetweenVials = True
InjectionPointOffset = 40.0


