[Header]
Version=1
comment="input base frequency positions"
date=03_08_05
[Fundamental constants]
c=2.997925000E+8
k=1.380660000E-23
AMU=1.660570000E-27
[species list]
12C_16O2=0
13C_16O2=1
12C_16O_18O=2
H_O2=3
N_H3=4
C2_H4=5
H2_S=6
C_O=7
C2_H2=8

[peak0]
peak name="water 6513.9677"
mass=18
center=6513.9677
strength=1
y = 8.5e-3
z = 5e-3
v = -1
frequency = 6513.9677
species = 3

[peak1]
peak name="water 6514.7374"
mass=18
center=6514.7374
strength=13.4
y = 7.9e-3
z = 3.2e-3
v = -1
frequency = 6514.7374
species = 3

[peak2]
peak name="CO2 6514.2514"
mass=44
center=6514.2514
strength=1.79
y = 1.2e-2
z = 3.5e-3
v = -1
frequency = 6514.2514
species = 0

[peak3]
peak name="water 6514.1860"
mass=18
center=6514.1860
strength=0.32
y = 2.7e-3
z = 1e-3
v = -1
frequency = 6514.1860
species = 3

[peak4]
peak name="water 6514.6435"
mass=18
center=6514.6435
strength=0.24
y = 6e-3
z = 1e-3
v = -1
frequency = 6514.6435
species = 3
