C12_baseline = 870
C13_baseline = 870
y_oxygen = 1.353
y_corr_12 = 0.565
y_corr_13 = 0.436745
y_corr_13_quad = -0.04
conc_corr_13 = 8.549E-7
C13_offset = 0.077688