# Fitter configuration parameters from iCH4 baseline fit Thu Oct 13 16:15:27 2011
CH4_Baseline_slope = -1.193414
CH4_Sine0_ampl =0.078
CH4_Sine0_freq = 6028.500
CH4_Sine0_period = 1.274518
CH4_Sine0_phase = -0.505648
CH4_Sine1_ampl = 0.020
CH4_Sine1_freq = 6028.500
CH4_Sine1_period = 0.602395
CH4_Sine1_phase = -0.521145
