[Data]
cal_slope = 1
cal_offset = 0

h2o_gal_intercept=0.00
h2o_gal_slope=7.546

h2o_conc_intercept=0.0
h2o_conc_slope=1.0

delta_1816_intercept=-0.79714094
delta_1816_slope=504.91396677

delta_dh_intercept=145.43018698
delta_dh_slope=14690.36161960
