# Fitter configuration parameters from C2H6 baseline fit Wed Dec 09 13:56:49 2015
C2H6_Baseline_level = 497.091078
C2H6_Baseline_slope = -1.144399
C2H6_Sine0_ampl =0.110
C2H6_Sine0_freq = 5946.500000
C2H6_Sine0_period = 1.340067
C2H6_Sine0_phase = 0.616129
C2H6_Sine1_ampl = 0.000
C2H6_Sine1_freq = 5946.500000
C2H6_Sine1_period = 1.349218
C2H6_Sine1_phase = 0.000000
