# Fitter configuration parameters from baseline fit Sat Jan 21 09:01:39 2017
NH3_Baseline_level = 626.052874
NH3_Baseline_slope = 1.586783
NH3_Sine0_ampl =0.816
NH3_Sine0_freq = 6548.9000
NH3_Sine0_period = 4.394670
NH3_Sine0_phase = -1.717852
NH3_Sine1_ampl = 0.121
NH3_Sine1_freq = 6548.9000
NH3_Sine1_period = 0.630427
NH3_Sine1_phase = -2.832961
