timestamp = 63532311555856
[AUTOCAL]
APPROX_WLM_ANGLE_PER_FSR = 0.0763775512713
CAVITY_FSR = 0.0202362
MAX_OFFGRID = 0.35
MIN_CALROWS = 10
ADJUST_FACTOR = 2E-006
RELAX = 0.02
MAX_JUMP = 5000
RELAX_DEFAULT = 0.005
MAX_ANGLE_TARGETTING_ERROR = 0.02
MAX_TEMP_TARGETTING_ERROR = 2.1
RELAX_ZERO = 5E-005
CAVITY_FSR_VLASER_1 = 0.0202362
CAVITY_FSR_VLASER_2 = 0.0202362
CAVITY_FSR_VLASER_3 = 0.0202362
CAVITY_FSR_VLASER_4 = 0.0202362
CAVITY_FSR_VLASER_5 = 0.0202362
CAVITY_FSR_VLASER_6 = 0.0202362
CAVITY_FSR_VLASER_7 = 0.0202362
CAVITY_FSR_VLASER_8 = 0.0202362
MAX_WAVENUM_DIFF = 0.2

[CAVITY_LENGTH_TUNING]
DITHER_AMPLITUDE = 2100.0
FREE_SPECTRAL_RANGE = 21929.6164805
MAX_VALUE = 65000.0
MIN_VALUE = 500.0
UP_SLOPE = 10500
DOWN_SLOPE = 37500
PZT_SCALE_FACTOR = 40000

[LASER_CURRENT_TUNING]
DITHER_AMPLITUDE = 1890.0
FREE_SPECTRAL_RANGE = 15247.6130662
MAX_VALUE = 55000.0
MIN_VALUE = 10000.0
UP_SLOPE = 15000
DOWN_SLOPE = 15000
#checksum=773655597
