# Fitter configuration parameters from baseline fit Tue Apr 08 11:58:37 2014
N2O_Baseline_level = 740.377006
N2O_Baseline_slope = -0.261794
N2O_Sine0_ampl =0.050
N2O_Sine0_freq = 6562.000
N2O_Sine0_period = 1.090287
N2O_Sine0_phase = -0.814577
N2O_Sine1_ampl = 0.008
N2O_Sine1_freq = 6562.000
N2O_Sine1_period = 0.474333
N2O_Sine1_phase = -2.699459

# Fitter configuration parameters from baseline fit Tue Apr 08 10:26:40 2014
NH3_Baseline_level = 744.610765
NH3_Baseline_slope = -0.361350
NH3_Sine0_ampl =0.121
NH3_Sine0_freq = 6548.9129
NH3_Sine0_period = 1.171089
NH3_Sine0_phase = 0.907578
NH3_Sine1_ampl = 0.000
NH3_Sine1_freq = 6548.9129
NH3_Sine1_period = 0.600000
NH3_Sine1_phase = 0.000000

# Fitter configuration parameters from methane baseline fit Tue Apr 08 14:44:06 2014
CFADS_Baseline_level =  1187.678166
CFADS_Baseline_slope = -3.213546
CFADS_Sine0_ampl =0.020
CFADS_Sine0_freq = 6057.000
CFADS_Sine0_period = 0.996080
CFADS_Sine0_phase = -1.017398
CFADS_Sine1_ampl = 0.027
CFADS_Sine1_freq = 6057.000
CFADS_Sine1_period = 0.504879
CFADS_Sine1_phase = -1.358224


#CO2 cross-talk on N2O
co2_on_n2o_offset = -0.08333
co2_on_n2o_linear = 0.00126
CO2_offset = 0.0
CO2_methane_linear = 0.0
