# Fitter configuration parameters from baseline fit Fri Apr 21 14:40:15 2017
NH3_Baseline_level = 639.151062
NH3_Baseline_slope = 2.308160
NH3_Sine0_ampl =0.087
NH3_Sine0_freq = 6548.9000
NH3_Sine0_period = 1.016038
NH3_Sine0_phase = 2.192251
NH3_Sine1_ampl = 0.000
NH3_Sine1_freq = 6548.9000
NH3_Sine1_period = 1.219207
NH3_Sine1_phase = 0.000000
