# Fitter configuration parameters from step test of 11-14 Jan 2013 copied from CHADS2004 20130308
Peak20_offset = 0.0401
Peak20_water_linear = 0.0000705
Peak24_offset = 0.01522
Peak24_water_linear = 7.45155e-5
Peak24_bilinear = 1.14867e-5
Peak24_quad_linear = 1.36418e-8
Peak24_quad = -3.05666e-7
Peak12_offset = -0.03
Peak13_offset = -0.0103669
Peak13_CO2_linear = 8.00358e-5
Peak13_CO2_bilinear = 3.35153e-6
Peak13_water_quad = 2.0E-5
Peak13_water_cubic = 0.0

# Fitter configuration parameters from baseline fit Sat Mar 09 17:03:58 2013
CO2_Baseline_slope = -0.245202
CO2_Sine0_ampl = 0.445
CO2_Sine0_freq = 6228.500
CO2_Sine0_period = 0.973206
CO2_Sine0_phase = 1.146987
CO2_Sine1_ampl = 0.447
CO2_Sine1_freq = 6228.500
CO2_Sine1_period = 0.938540
CO2_Sine1_phase = -2.093816

# Fitter configuration parameters from baseline fit Sat Nov 10 16:44:33 2012
H2O_Baseline_slope = 0.165092
H2O_Sine0_ampl = 2.611
H2O_Sine0_freq = 6434.250
H2O_Sine0_period = 2.283956
H2O_Sine0_phase = -0.779884
H2O_Sine1_ampl = 3.227
H2O_Sine1_freq = 6434.250
H2O_Sine1_period = 2.792888
H2O_Sine1_phase = 2.029321

# Instrument-independent fitter parameters
C12_lin = 11.092
C13_lin = 0.8552
HHO_lin = 89.0
HDO_lin = 0.03
