[DeltaD_Raw]
slope = 1.16483055271
offset = -30.0925774309
applist = DeltaD_30s, DeltaD_2min, DeltaD_5min

[12CO2]
slope = 1.0
offset = 0.0
applist = 12CO2_dry

[13CO2]
slope = 1.0
offset = 0.0
applist = 13CO2_dry

[DeltaC13_Raw]
slope = 0.967352037543
offset = -40.2717302002
applist = DeltaC13_30s, DeltaC13_2min, DeltaC13_5min
