timestamp = 63538109063755
[AUTOCAL]
APPROX_WLM_ANGLE_PER_FSR = 0.0817671558427
CAVITY_FSR = 0.020246
MAX_OFFGRID = 0.35
MIN_CALROWS = 10
ADJUST_FACTOR = 2E-6
RELAX = 0.1
MAX_JUMP = 8000
RELAX_DEFAULT = 0.005
MAX_ANGLE_TARGETTING_ERROR = 0.1
MAX_TEMP_TARGETTING_ERROR = 2.1
RELAX_ZERO = 5E-005
MAX_WAVENUM_DIFF = 0.2
CAVITY_FSR_VLASER_6 = 0.020246
CAVITY_FSR_VLASER_7 = 0.020246
CAVITY_FSR_VLASER_8 = 0.020246
CAVITY_FSR_VLASER_3 = 0.020246
CAVITY_FSR_VLASER_4 = 0.020246
CAVITY_FSR_VLASER_5 = 0.020246

[CAVITY_LENGTH_TUNING]
DITHER_AMPLITUDE = 2500.0
FREE_SPECTRAL_RANGE = 23117.8268756
MAX_VALUE = 65000.0
MIN_VALUE = 500.0
UP_SLOPE = 10500
DOWN_SLOPE = 37500
PZT_SCALE_FACTOR = 40000

[LASER_CURRENT_TUNING]
DITHER_AMPLITUDE = 1200.0
FREE_SPECTRAL_RANGE = 15247.6130662
MAX_VALUE = 50000.0
MIN_VALUE = 15000.0
UP_SLOPE = 15000
DOWN_SLOPE = 36000
#checksum=-1561528666