[Header]
Version=1
comment="based on fine scans from 29 Apr 2011, 50 Torr/80C"
date=2011-01-03
[Fundamental constants]
c=2.997925000E+8
k=1.380660000E-23
AMU=1.660570000E-27
[species list]
H2_16O=0
H2_18O=1
HDO=2
CH4=3
CH3OH=4
C2H5OH=5
[peak0]
peak name="big normal water"
mass=18
center=7199.37761
strength=50
y=0.008
z=0.0
v=0.000000
frequency=7199.37761
species=0
[peak1]
peak name="H2(18)O"
mass=20
center=7199.96047
strength=10
y=0.007406
z=0.002638
v=0.000000
frequency=7199.96047
species=1
[peak2]
peak name="primary H2(16)O line"
mass=18
center=7200.13384
strength=10
y=0.008156
z=0.003218
v=0.000000
frequency=7200.13384
species=0
[peak3]
peak name="HDO"
mass=19
center=7200.30265
strength=5
y=0.005006
z=0.002458
v=0.000000
frequency=7200.30265
species=2
[peak4]
peak name="minor normal water near HDO"
mass=18
center=7200.34204
strength=0.01
y=0.01
z=0.0
v=0.000000
frequency=7200.34204
species=0
[peak5]
peak name="minor normal water near HDO"
mass=18
center=7200.38070
strength=0.01
y=0.014
z=0.0
v=0.000000
frequency=7200.38070
species=0
[peak6]
peak name="minor normal water near H2(18)O"
mass=18
center=7199.88975
strength=0.001
y=0.001482
z=0.0
v=0.000000
frequency=7199.88975
species=0
[peak7]
peak name="minor normal water?"
mass=18
center=7200.03714
strength=0.001
y=0.012
z=0.0
v=0.000000
frequency=7200.03714
species=0