[Sonstiges]
COMNR = 4
X_AXIS_MAX = 250
[Status]
PlungerStrokes = 38
Injections[1] = 0
Injections[2] = 0
Injections[3] = 0
Injections[4] = 0
[Configuration]
MODE = 0
NIP = 1
SS = 1
GCRC = 0
WP = 0
TS[0] = 4
TS[1] = 0
WS_TYP = 3
SYR_VOL = 1
PLUNGER_NULLPOS = 62.19125
SYR_SPEED_UP = 130
SYR_SPEED_DOWN = 130
BUZZER = 0
[Installation]
MS_x = 150
MS_y = 120
INJ_POINT_x[0] = 368.3625
INJ_POINT_y[0] = 14.13125
INJ_POINT_z[0] = 73.93305
INJ_POINT_x[1] = 0
INJ_POINT_y[1] = 0
INJ_POINT_z[1] = 0
INJ_POINT_x[2] = 0
INJ_POINT_y[2] = 0
INJ_POINT_z[2] = 0
INJ_POINT_x[3] = 0
INJ_POINT_y[3] = 0
INJ_POINT_z[3] = 0
SYR_POS_x = 81.58125
SYR_POS_y = 195.6390625
SYR_POS_z = 1.43637
TRAY_x[0] = 137.4
TRAY_y[0] = 192.84453125
TRAY_z[0] = 31.16199
TRAY_x[1] = 29.4375
TRAY_y[1] = 17.1390625
TRAY_z[1] = 41.69664
SAMPLE_z[0] = 26.94813
SAMPLE_z[1] = 0
WASH_STAT_x = 29.4375
WASH_STAT_y = 17.1390625
SOLVENT_z = 41.69664
WASTE_z = 54.12486
ISTD_z = 0
