[Data]
Version = 1.7

co_conc_slope = 0.4247
co_conc_intercept = 0.0

co2_conc_slope = 0.70715376498
co2_conc_intercept = -0.334084359066

ch4_conc_slope = 0.990099741047
ch4_conc_intercept = 0.0

h2o_conc_slope = 1.0
h2o_conc_intercept = 0.0

h2o_selfbroadening_linear = 0.772
h2o_selfbroadening_quadratic = 0.02525

co2_watercorrection_linear = -0.012000
co2_watercorrection_quadratic = -0.0002674

ch4_watercorrection_linear = -0.0098200
ch4_watercorrection_quadratic = -0.0002393

co_offset = 0.0
co_water_linear = -0.0143114709909
co_water_co2 = 1.13985624326e-005
co_water_quadratic = 0.000608471586602
co_co2_linear = 0.0
co_wd_linear = -0.01287
co_wd_quadratic = -5.365e-4
