# Fitter configuration parameters from baseline fit Tue May 16 15:14:15 2017
NH3_Baseline_level = 639.146695
NH3_Baseline_slope = 2.307534
NH3_Sine0_ampl =0.086
NH3_Sine0_freq = 6548.9000
NH3_Sine0_period = 1.138330
NH3_Sine0_phase = 2.407978
NH3_Sine1_ampl = 0.092
NH3_Sine1_freq = 6548.9000
NH3_Sine1_period = 0.579375
NH3_Sine1_phase = 1.741258
