# Fitter configuration parameters from CH3D baseline fit Thu Feb 09 10:27:36 2012
CH4_6023_Baseline_level = 1012.670950
CH4_6023_Baseline_slope = -3.228157
CH4_6023_Sine0_ampl =0.020
CH4_6023_Sine0_freq = 6022.500
CH4_6023_Sine0_period = 1.092185
CH4_6023_Sine0_phase = 0.753430
CH4_6023_Sine1_ampl = 0.010
CH4_6023_Sine1_freq = 6022.500
CH4_6023_Sine1_period = 0.695813
CH4_6023_Sine1_phase = 0.091559
