# Fitter configuration parameters from HF baseline fit Fri Jun 14 15:41:55 2013
Baseline_level = 721.329400
Baseline_slope = 0.343548
Sine0_ampl =0.384
Sine0_freq = 7824.000
Sine0_period = 1.115986
Sine0_phase = 1.263027
Sine1_ampl = 0.466
Sine1_freq = 7824.000
Sine1_period = 1.612585
Sine1_phase = -0.494030
