timestamp = 63435478826375
[AUTOCAL]
APPROX_WLM_ANGLE_PER_FSR = 0.0753183616403
CAVITY_FSR = 0.0206276495478
MAX_OFFGRID = 0.35
MIN_CALROWS = 10
ADJUST_FACTOR = 1E-005
RELAX = 0.02
MAX_JUMP = 5000
RELAX_DEFAULT = 0.005
MAX_ANGLE_TARGETTING_ERROR = 0.02
MAX_TEMP_TARGETTING_ERROR = 1.7
RELAX_ZERO = 5E-005
CAVITY_FSR_VLASER_2 = 0.0206172043262
CAVITY_FSR_VLASER_1 = 0.0206353256134
CAVITY_FSR_VLASER_3 = 0.0206169350519
CAVITY_FSR_VLASER_4 = 0.0206276495478

[CAVITY_LENGTH_TUNING]
DITHER_AMPLITUDE = 2100.0
FREE_SPECTRAL_RANGE = 26079.5505617
MAX_VALUE = 55000.0
MIN_VALUE = 10000.0
UP_SLOPE = 5000
DOWN_SLOPE = 37500
PZT_SCALE_FACTOR = 40000
#checksum=1580961938