#
Baseline_level = 608.566867
Baseline_slope = -0.134391
Sine0_ampl = 0.0
Sine0_freq = 6574.500
Sine0_period = 0.957223
Sine0_phase = 2.921410
Sine1_ampl = 0.0
Sine1_freq = 6574.500
Sine1_period = 0.988692
Sine1_phase = -0.177186
