[Header]
Version=1
comment=""
date=2011-05-04
[Fundamental constants]
c=2.997925000E+8
k=1.380660000E-23
AMU=1.660570000E-27
[species list]
H2_16O=0
H2_18O=1
HDO=2
CH4=3
N2O=4
CO2=5
[peak0]
peak name="water for pressure calibration"
mass=18
center=6566.235
strength=1
y=0.005716
z=0.00334
v=0.000000
frequency=6566.235
species=0
[peak1]
peak name="n2o 6562.6 line"
mass=44
center=6562.59891
strength=0.005
y=0.01298
z=0.00361
v=0.000000
frequency=6562.59891
species=4
[peak2]
peak name="co2 6562.5 line"
mass=44
center=6562.50002
strength=0.01
y=0.010299
z=0.0
v=0.000000
frequency=6562.50002
species=5
[peak30]
peak name="h2o 6563.3 line"
mass=18
center=6563.182
strength=0.01
y=0.0079
z=0.0
v=0.0
frequency=6563.182
species=0
[peak31]
peak name="h2o 6564.1 line"
mass=18
center=6564.077
strength=0.01
y=0.0090
z=0.0
v=0.0
frequency=6564.077
species=0
