[function1000]
functional_form=sinusoid
a0=-0.230
a1=7184.0
a2=1.250000
a3=-1.119849
[function1001]
functional_form=sinusoid
a0=-0.110
a1=7184.0
a2=0.620000
a3=0.943854
