[Header]
Version=0001
comment="Sample spectral library"
date=18-Oct-2009
[Fundamental constants]
c=2.997925000E+8
k=1.380660000E-23
AMU=1.660570000E-27
[species list]
ABC=0
DEF=1
GHI=2
[peak0]
peak name="alpha"
mass=20
center=6316.025
strength=23
y=0.01
z=0.000
v=-1.000000
frequency=6316.025
species=0
[peak1]
peak name="beta"
mass=20
center=6316.425
strength=23
y=0.01
z=0.000
v=-1.000000
frequency=6316.425
species=1
[peak2]
peak name="gamma"
mass=20
center=6316.825
strength=23
y=0.01
z=0.000
v=-1.000000
frequency=6316.825
species=2
