# Fitter configuration parameters from CH4 baseline fit Mon Jan 17 07:53:54 2011
CH4_Baseline_slope = -2.795352
CH4_Sine0_ampl =0.095
CH4_Sine0_freq = 6251.315
CH4_Sine0_period = 1.004060
CH4_Sine0_phase = 0.497553
CH4_Sine1_ampl = -0.164
CH4_Sine1_freq = 6251.315
CH4_Sine1_period = 0.711985
CH4_Sine1_phase = -1.262068

# Fitter configuration parameters from step test
Peak88_offset = 0.0

# Fitter configuration parameters from baseline fit Mon Jan 17 12:07:22 2011
C12_baseline = 836.810998
C13_baseline = 836.774083
CO2_Baseline_slope = 0.260397
CO2_Sine0_ampl =0.056
CO2_Sine0_freq = 6251.315
CO2_Sine0_period = 1.257052
CO2_Sine0_phase = 1.560288
CO2_Sine1_ampl = -0.110
CO2_Sine1_freq = 6251.315
CO2_Sine1_period = 0.766548
CO2_Sine1_phase = 1.149611
