[CODE]
code="""
from numpy import *
"""

[VARIABLES]
temperature = 273.15 + 45
pressure = 100

[SPECTRUM_1]
Library = "data/spectral library NBDS-xx v2_2.ini"
center = 7011.5
identification = 1000, 1002, 1003
    [[base]]
    a0 = 900
    a1 = 5
    [[function1000]]    # H2O
    functional_form="bispline0_1"
    a0=0.000000
    a1=0.000000
    a2=1.000000 # Amplitude
    a3=0.000000
    a4=7011.000000
    a5=0.930000
    a6=10.000000
    [[function1002]]    # H2O2
    functional_form="spline3"
    a0=0.000000
    a1=0.000000
    a2=0.013260
    a3=0.000000
    a4=0.000000
    [[function1003]]    # CH4
    functional_form="spline4"
    a0=-0.0279
    a1=0.000000
    a2=0.050000
    a3=0.000000
    a4=0.000000
