# Fitter configuration parameters from C2H2 baseline fit Tue Mar 12 08:17:09 2013
C2H4_Baseline_level = 865.299334
C2H4_Baseline_slope = -0.541394
C2H4_Sine0_ampl = 0.043
C2H4_Sine0_freq = 6181.400
C2H4_Sine0_period = 1.125455
C2H4_Sine0_phase = 0.685995
C2H4_Sine1_ampl = 0.017
C2H4_Sine1_freq = 6181.400
C2H4_Sine1_period = 0.668133
C2H4_Sine1_phase = -0.244078

# Fitter configuration parameters from CH4 baseline fit Mon Mar 11 13:43:41 2013
CH4_Baseline_level = 1057.187923
CH4_Baseline_slope = -2.399879
CH4_Sine0_ampl =1.073
CH4_Sine0_freq = 6057.000000
CH4_Sine0_period = 5.157609
CH4_Sine0_phase = 1.294292
CH4_Sine1_ampl = 0.405
CH4_Sine1_freq = 6057.000000
CH4_Sine1_period = 2.867724
CH4_Sine1_phase = 0.325592
