timestamp = 63408785695640
[AUTOCAL]
APPROX_WLM_ANGLE_PER_FSR = 0.0839675437604
CAVITY_FSR = 0.0206025035275
MAX_OFFGRID = 0.35
MIN_CALROWS = 10
ADJUST_FACTOR = 1E-005
RELAX = 0.02
MAX_JUMP = 5000
RELAX_DEFAULT = 0.005
MAX_ANGLE_TARGETTING_ERROR = 0.02
MAX_TEMP_TARGETTING_ERROR = 1.7
RELAX_ZERO = 5E-005

[CAVITY_LENGTH_TUNING]
DITHER_AMPLITUDE = 1500.0
FREE_SPECTRAL_RANGE = 14208.5624776
MAX_VALUE = 55000.0
MIN_VALUE = 10000.0
UP_SLOPE = 7500
DOWN_SLOPE = 25000

[LASER_CURRENT_TUNING]
DITHER_AMPLITUDE = 1200.0
FREE_SPECTRAL_RANGE = 15247.6130662
MAX_VALUE = 55000.0
MIN_VALUE = 10000.0
UP_SLOPE = 15000
DOWN_SLOPE = 15000
#checksum=-1770367052
