[Header]
Version=1_1
comment="CO2 line for pressure calibration"
date=2011_06_07
[Fundamental constants]
c=2.997925000E+8
k=1.380660000E-23
AMU=1.660570000E-27
[species list]
12C_16O2=0
13C_16O2=1
12C_16O_18O=2
H_O2=3
N_H3=4
C2_H4=5
H2_S=6
C_O=7
C2_H2=8
N2_O=9
[peak0]
peak name="12C_O2 for pressure cal"
mass=44
center=6350.14709
strength=9
y=0.01435
z=0.00416
v=-1.000000
frequency=6350.14709
species=0
[peak1]
peak name="12C_O2 perturber for pressure cal"
mass=44
center=6349.85919
strength=1
y=0.01524
z=0.0
v=-1.000000
frequency=6349.85919
species=0
