# Fitter configuration parameters from baseline fit Mon Mar 09 10:17:28 2015
Baseline_level = 418.763989
Baseline_slope = -0.239529
Sine0_ampl =0.117
Sine0_freq = 6548.9000
Sine0_period = 1.440830
Sine0_phase = -2.454838
Sine1_ampl = 0.000
Sine1_freq = 6548.9000
Sine1_period = 1.235983
Sine1_phase = 0.000000
