[Autocal]
approx_wlm_angle_per_fsr = 0.0777821322749
cavity_fsr = 0.0205943889388
max_offgrid = 0.35
min_calrows = 10
adjust_factor = 5e-006
relax = 0.005
max_jump = 5000
relax_default = 0.005
max_targetting_error = 0.005
relax_zero = 5e-005

[CavityLengthTuning]
dither_amplitude = 800.0
free_spectral_range = 12476.9690762
max_value = 65000.0
min_value = 36000.0
up_slope = 5000
down_slope = -15000

[LaserCurrentTuning]
dither_amplitude = 800.0
free_spectral_range = 14929.2963351
max_value = 64500.0
min_value = 1000.0
up_slope = 20000
down_slope = -32000