timestamp = 63427694081843
[AUTOCAL]
APPROX_WLM_ANGLE_PER_FSR = 0.0794724910667
CAVITY_FSR = 0.0206269167583
MAX_OFFGRID = 0.35
MIN_CALROWS = 10
ADJUST_FACTOR = 1E-005
RELAX = 0.0
MAX_JUMP = 5000
RELAX_DEFAULT = 0.0
MAX_ANGLE_TARGETTING_ERROR = 0.02
MAX_TEMP_TARGETTING_ERROR = 1.7
RELAX_ZERO = 0.0
CAVITY_FSR_VLASER_2 = 0.0206925751532
CAVITY_FSR_VLASER_1 = 0.0206213342251
CAVITY_FSR_VLASER_3 = 0.0206631348676
CAVITY_FSR_VLASER_4 = 0.0206269167583

[CAVITY_LENGTH_TUNING]
DITHER_AMPLITUDE = 2100.0
FREE_SPECTRAL_RANGE = 25625.8921029
MAX_VALUE = 55000.0
MIN_VALUE = 10000.0
UP_SLOPE = 10500
DOWN_SLOPE = 37500
PZT_SCALE_FACTOR = 40000
#checksum=581079229
