[Header]
Version=1
comment="based on average of 121 fine scans from 8 Dec 2010, 70 Torr/80C"
date=2011-01-03
[Fundamental constants]
c=2.997925000E+8
k=1.380660000E-23
AMU=1.660570000E-27
[species list]
H2_16O=0
H2_18O=1
HDO=2
CH4=3
CH3OH=4
C2H5OH=5
[peak0]
peak name="big normal water"
mass=18
center=7199.37761
strength=50
y=0.00571
z=0.0
v=0.000000
frequency=7199.37761
species=0
[peak1]
peak name="H2(18)O"
mass=20
center=7199.96131
strength=0.1
y=0.00900
z=0.00379
v=0.000000
frequency=7199.96131
species=1
[peak2]
peak name="primary H2(16)O line"
mass=18
center=7200.13384
strength=0.1
y=0.00986
z=0.00483
v=0.000000
frequency=7200.13384
species=0
[peak3]
peak name="HDO"
mass=19
center=7200.30244
strength=0.01
y=0.00637
z=0.0034
v=0.000000
frequency=7200.30244
species=2
[peak4]
peak name="minor normal water near HDO"
mass=18
center=7200.34145
strength=0.001
y=0.00714
z=0.0
v=0.000000
frequency=7200.34145
species=0
[peak5]
peak name="minor normal water near HDO"
mass=18
center=7200.38010
strength=0.001
y=0.01
z=0.0
v=0.000000
frequency=7200.38010
species=0
[peak6]
peak name="minor normal water near H2(18)O"
mass=18
center=7199.89102
strength=0.001
y=0.00466
z=0.0
v=0.000000
frequency=7199.89102
species=0
[peak7]
peak name="minor normal water?"
mass=18
center=7200.05258
strength=0.001
y=0.00857
z=0.0
v=0.000000
frequency=7200.05258
species=0