[Header]
Version=1
comment="Spectral library for O2 comb in the HF region near 7824 wvn."
date=2011-04-25
[Fundamental constants]
c=2.997925000E+8
k=1.380660000E-23
AMU=1.660570000E-27
[species list]
(12)C_(16)O2=0
(13)C_(16)O2=1
(12)C_(16)O_(18)O=2
H_2(16)O=3
H2_(18)O=4
C2_H4=5
H2_S=6
O_2=7
C2_H2=8
N2_O=9
(12)CH4=10
(13)CH4=11
(12)CH3D=12
[peak0]
peak name="C2H2 generic"
mass=26
center=0.0
strength=10
y=0.011
z=0.0
v=0.480
frequency=0.0
species=8
[peak14]
peak name="H2O perturber 6572.114"
mass=18
center=-4.913
strength=1
y=0.011
z=0.0
v=0.577
frequency=-4.913
species=8
[peak9]
peak name="C2H2 perturber 6572.3467"
mass=26
center=6.383
strength=1
y=0.011
z=0.0
v=0.480
frequency=6.383
species=8
[peak17]
peak name="C2H2 perturber 6567.7551"
mass=26
center=-4.345
strength=1
y=0.011
z=0.0
v=0.480
frequency=-4.345
species=8
[peak18]
peak name="C2H2 perturber 6568.0175"
mass=26
center=8.393
strength=10
y=0.011
z=0.0
v=0.480
frequency=8.393
species=8
