timestamp = 63440665139982
[AUTOCAL]
APPROX_WLM_ANGLE_PER_FSR = 0.0802648982401
CAVITY_FSR = 0.0206097
MAX_OFFGRID = 0.35
MIN_CALROWS = 10
ADJUST_FACTOR = 1E-005
RELAX = 0.02
MAX_JUMP = 5000
RELAX_DEFAULT = 0.005
MAX_ANGLE_TARGETTING_ERROR = 0.02
MAX_TEMP_TARGETTING_ERROR = 1.7
RELAX_ZERO = 5E-005
CAVITY_FSR_VLASER_1 = 0.0206097
CAVITY_FSR_VLASER_2 = 0.0206097
CAVITY_FSR_VLASER_3 = 0.0206097
CAVITY_FSR_VLASER_4 = 0.0206097
CAVITY_FSR_VLASER_5 = 0.0206097

[CAVITY_LENGTH_TUNING]
DITHER_AMPLITUDE = 2500.0
FREE_SPECTRAL_RANGE = 24242.8178531
MAX_VALUE = 65000.0
MIN_VALUE = 500.0
UP_SLOPE = 6000
DOWN_SLOPE = 25000
PZT_SCALE_FACTOR = 40000

[LASER_CURRENT_TUNING]
DITHER_AMPLITUDE = 1200.0
FREE_SPECTRAL_RANGE = 15247.6130662
MAX_VALUE = 55000.0
MIN_VALUE = 10000.0
UP_SLOPE = 15000
DOWN_SLOPE = 15000
#checksum=-1527688003
