# Fitter configuration parameters from HF baseline fit Tue Dec 13 18:47:22 2016
Baseline_level = 629.741040
Baseline_slope = -0.800859
Sine0_ampl =0.104
Sine0_freq = 7824.000
Sine0_period = 1.133418
Sine0_phase = 0.793648
Sine1_ampl = 0.085
Sine1_freq = 7824.000
Sine1_period = 0.648197
Sine1_phase = 1.078229
