# Fitter configuration parameters from HF baseline fit Thu Jan 19 18:34:23 2017
HF_Baseline_level = 684.239570
HF_Baseline_slope = 2.632443
HF_Sine0_ampl =0.394
HF_Sine0_freq = 7823.848
HF_Sine0_period = 3.200137
HF_Sine0_phase = 1.558786
HF_Sine1_ampl = 0.020
HF_Sine1_freq = 7823.848
HF_Sine1_period = 0.624108
HF_Sine1_phase = 0.042567

# Fitter configuration parameters from baseline fit Sat Jan 21 08:27:34 2017
NH3_Baseline_level = 626.052650
NH3_Baseline_slope = 1.593912
NH3_Sine0_ampl =0.800
NH3_Sine0_freq = 6548.9000
NH3_Sine0_period = 4.493546
NH3_Sine0_phase = -1.709064
NH3_Sine1_ampl = 0.122
NH3_Sine1_freq = 6548.9000
NH3_Sine1_period = 0.633581
NH3_Sine1_phase = -2.795663