# Fitter configuration parameters from baseline fit Wed Dec 15 09:55:04 2010
Baseline_slope = 1.556239
Sine0_ampl =0.493
Sine0_freq = 6548.900
Sine0_period = 1.176924
Sine0_phase = 0.163674
Sine1_ampl = 0.055
Sine1_freq = 6548.900
Sine1_period = 0.531802
Sine1_phase = 0.346988
