# Fitter configuration parameters from baseline fit Tue Jun 16 14:03:03 2015
Baseline_slope = 0.018166
Sine0_ampl =0.447
Sine0_freq = 6548.900
Sine0_period = 1.381477
Sine0_phase = 2.868672
Sine1_ampl = 0.086
Sine1_freq = 6548.900
Sine1_period = 0.691760
Sine1_phase = -0.500635
