timestamp = 63516439361890
[AUTOCAL]
APPROX_WLM_ANGLE_PER_FSR = 0.0780350452601
CAVITY_FSR = 0.0203812483482
#CAVITY_FSR = 0.0202413  :: Pre Squish Correction
MAX_OFFGRID = 0.35
MIN_CALROWS = 10
ADJUST_FACTOR = 0
RELAX = 0
MAX_JUMP = 5000
RELAX_DEFAULT = 0
MAX_ANGLE_TARGETTING_ERROR = 0.5
MAX_TEMP_TARGETTING_ERROR = 1.7
RELAX_ZERO = 0
CAVITY_FSR_VLASER_1 = 0.0202285
CAVITY_FSR_VLASER_2 = 0.0202285
CAVITY_FSR_VLASER_3 = 0.0202285
CAVITY_FSR_VLASER_4 = 0.0202285
CAVITY_FSR_VLASER_5 = 0.0202285

[CAVITY_LENGTH_TUNING]
DITHER_AMPLITUDE = 2100.0
#FREE_SPECTRAL_RANGE = 19377.4242043
FREE_SPECTRAL_RANGE = 20416.4402535
MAX_VALUE = 65500.0
MIN_VALUE = 500.0
UP_SLOPE = 10500
DOWN_SLOPE = 37500
PZT_SCALE_FACTOR = 40000

[LASER_CURRENT_TUNING]
DITHER_AMPLITUDE = 1200.0
FREE_SPECTRAL_RANGE = 15247.6130662
MAX_VALUE = 55000.0
MIN_VALUE = 10000.0
UP_SLOPE = 15000
DOWN_SLOPE = 15000
#checksum=1457549473
