Autodetect_enable = 0
N2_flag = 0

# Fitter configuration parameters from step test performed

AIR_offset1 = 0.0
AIR_offset2 = 0.0
AIR_offset3 = 0.0
AIR_G1_quadratic = 0.0
AIR_G2_quadratic = 0.0
AIR_G3_quadratic = 0.0
N2_offset1 = 0.0
N2_offset2 = 0.0
N2_offset3 = 0.0
N2_G1_quadratic = 0.0
N2_G2_quadratic = 0.0
N2_G3_quadratic = 0.0

# Fitter configuration parameters from step test performed

AIR_offset11 = 0.05
AIR_offset13 = 0.01
AIR_G11_quadratic = 7.70E-07
AIR_G13_quadratic = 4.90E-07
N2_offset11 = 0.03
N2_offset13 = 0.03
N2_G11_quadratic = 5.62E-07
N2_G13_quadratic = 3.50E-07

# Instrument-independent parameters from LCT fine scans 29 Mar and 2 Apr 2013

AIR_y1_at_zero = 0.3611
AIR_y1_self = 7.93e-6
AIR_y2_at_zero = 0.4044
AIR_y2_self = 8.88e-6
AIR_y3_at_zero = 0.2189
AIR_y3_self = 1.000e-5
AIR_z1_at_zero = 0.1588
AIR_z1_self = 1.44e-6
AIR_z2_at_zero = 0.1927
AIR_z2_self = 3.93e-6
AIR_z3_at_zero = 0.0780
AIR_z3_self = 9.75e-6
N2_y1_at_zero = 0.4068
N2_y1_self = 7.08e-6
N2_y2_at_zero = 0.4555
N2_y2_self = 7.93e-6
N2_y3_at_zero = 0.2764
N2_y3_self = 8.93e-6
N2_z1_at_zero = 0.1735
N2_z1_self = 1.46e-6
N2_z2_at_zero = 0.2385
N2_z2_self = 3.27e-6
N2_z3_at_zero = 0.1336
N2_z3_self = 9.19e-6
Water_linear = 7.6334
Water_quadratic = -5.804e-5
#AIR_Methane_offset = 0.0000272
#N2_Methane_offset = -0.0000033
#AIR_Methane_water_linear = 1.12e-7
#N2_Methane_water_linear = 2.18e-8
#  2014 0124:  changed water-to-methane cross-talk parameters based on today's Galpeak  measurements (jah)
AIR_Methane_water_linear = 0.0
N2_Methane_water_linear = 0.0
#  2014 0127:  also changed methane offset based on Galpeak  measurements (jah)
AIR_Methane_offset = 0.0000164
N2_Methane_offset = 0.0000025


AIR_y11_at_zero = 0.3176
AIR_y11_self = 7.08e-6
AIR_y12_at_zero = 0.4189
AIR_y12_self = 7.28e-6
AIR_y13_at_zero = 0.2638
AIR_y13_self = 5.44e-6
AIR_y14_at_zero = 0.1725
AIR_y14_self = 5.38e-6
AIR_z11_at_zero = 0.1410
AIR_z11_self = 2.41e-6
AIR_z13_at_zero = 0.0751
AIR_z13_self = 1.79e-6
N2_y11_at_zero = 0.3595
N2_y11_self = 6.21e-6
N2_y12_at_zero = 0.4637
N2_y12_self = 6.75e-6
N2_y13_at_zero = 0.2933
N2_y13_self = 4.66e-6
N2_y14_at_zero = 0.1947
N2_y14_self = 6.97e-6
N2_z11_at_zero = 0.1542
N2_z11_self = 1.92e-6
N2_z13_at_zero = 0.0831
N2_z13_self = 1.55e-6


# Fitter configuration parameters from baseline fit Wed Jan 22 10:21:53 2014

7200_Baseline_level = 1331.922976
7200_Baseline_slope = -3.035590
7200_Sine0_ampl = -2.314
7200_Sine0_freq = 7200.200
7200_Sine0_period = 3.086593
7200_Sine0_phase = 1.160911
7200_Sine1_ampl = -0.003
7200_Sine1_freq = 7200.200
7200_Sine1_period = 0.303131
7200_Sine1_phase = 0.270043


# Fitter configuration parameters from baseline fit Thu Jan 23 14:47:57 2014

7193_Baseline_level = 1323.712465
7193_Baseline_slope = -0.094511
7193_Sine0_ampl = 0.845
7193_Sine0_freq = 7193.000
7193_Sine0_period = 2.667278
7193_Sine0_phase = -2.073918
7193_Sine1_ampl = 0.101
7193_Sine1_freq = 7193.000
7193_Sine1_period = 0.547342
7193_Sine1_phase = -1.989955
