[Data]
h2o_conc_intercept = 0.0
h2o_conc_slope = 1.0

ch4_conc_intercept = -0.0208073977164
ch4_conc_slope = 0.976977900116

delta_17o_intercept = -1030.97194128
delta_17o_slope = 1757.40862864

delta_18o_intercept = -1023.71533974
delta_18o_slope = 1060.59019011

delta_d_intercept = -1047.36074036
delta_d_slope = 7058.23161283

delta_1818_intercept = -1000.0
delta_1818_slope = 1769.7

delta_16_16_intercept = -1000.0
delta_16_16_slope = 2344.2

exponent_for_17excess = 0.528
