[Data]
h2o_conc_intercept = 0.0
h2o_conc_slope = 1.0

ch4_conc_intercept = -0.0208073977164
ch4_conc_slope = 0.976977900116

delta_17o_intercept = -1045.09576688
delta_17o_slope = 1798.66101967

delta_18o_intercept = -1037.01597994
delta_18o_slope = 1087.74412765

delta_d_intercept = -1054.75837464
delta_d_slope = 6965.11232699

delta_1818_intercept = -1000.0
delta_1818_slope = 1769.7

delta_16_16_intercept = -1000.0
delta_16_16_slope = 2344.2

exponent_for_17excess = 0.528
