[Data]
h2o_conc_intercept = 0.0
h2o_conc_slope = 1.0

ch4_conc_intercept = 0.02293910428
ch4_conc_slope = 0.895433113368

delta_18o_intercept = -1020.61369172
delta_18o_slope = 437654.565822

delta_d_intercept = -1046.02578131
delta_d_slope = 2692021.28447

concentration_h16oh_gal_intercept = 0.00
concentration_h16oh_gal_slope = 6.900

concentration_h18oh_gal_intercept = 0.00
concentration_h18oh_gal_slope = 0.0091

concentration_h16od_gal_intercept = 0.00
concentration_h16od_gal_slope = 0.015
