[Data]
h2o_conc_intercept = 0.0
h2o_conc_slope = 1.0

ch4_conc_intercept = 0.02293910428
ch4_conc_slope = 0.895433113368

delta_18o_intercept = -1029.20251237
delta_18o_slope = 443248.299308

delta_d_intercept = -1052.41049104
delta_d_slope = 2675989.02203

concentration_h16oh_gal_intercept = 0.00
concentration_h16oh_gal_slope = 6.900

concentration_h18oh_gal_intercept = 0.00
concentration_h18oh_gal_slope = 0.0091

concentration_h16od_gal_intercept = 0.00
concentration_h16od_gal_slope = 0.015
