# Fitter configuration parameters from baseline fit Sat Jun 17 11:27:31 2017
H2S_Baseline_level = 515.144267
H2S_Baseline_slope = -0.216436
H2S_Sine0_ampl = 0.142
H2S_Sine0_freq = 6351.000
H2S_Sine0_period = 1.252453
H2S_Sine0_phase = -2.470827
H2S_Sine1_ampl = 0.108
H2S_Sine1_freq = 6351.000
H2S_Sine1_period = 1.371941
H2S_Sine1_phase = 0.078590
