timestamp = 63494395378314
[AUTOCAL]
APPROX_WLM_ANGLE_PER_FSR = 0.0782680092024
CAVITY_FSR = 0.0206130968
MAX_OFFGRID = 0.35
MIN_CALROWS = 10
ADJUST_FACTOR = 1E-005
RELAX = 0.02
MAX_JUMP = 8000
RELAX_DEFAULT = 0.005
MAX_ANGLE_TARGETTING_ERROR = 0.1
MAX_TEMP_TARGETTING_ERROR = 2.5
RELAX_ZERO = 5E-005
CH4TH = 10000
ETOTH = 15000

[CAVITY_LENGTH_TUNING]
DITHER_AMPLITUDE = 2500.0
FREE_SPECTRAL_RANGE = 20275.54 
MAX_VALUE = 65000.0
MIN_VALUE = 500.0
UP_SLOPE = 10500
DOWN_SLOPE = 37500
PZT_SCALE_FACTOR = 40000

[LASER_CURRENT_TUNING]
DITHER_AMPLITUDE = 1200.0
FREE_SPECTRAL_RANGE = 15247.6130662
MAX_VALUE = 55000.0
MIN_VALUE = 10000.0
UP_SLOPE = 15000
DOWN_SLOPE = 15000
#checksum=-801697629
