# Fitter configuration parameters from baseline fit on AVX-9006, 04/01/2020 (by hand)
Baseline_level =  440.8
Baseline_slope = 0.1591
Baseline_curvature = 0.0039778 #0.00441
Sine0_ampl = -0.036004
Sine0_freq = 6080.000
Sine0_period = 1.0699618
Sine0_phase = -1.73623
Sine1_ampl = 0.00
Sine1_freq = 6080.000
Sine1_period = 0.8061
Sine1_phase = -2.0684