timestamp = 63629869782067
[AUTOCAL]
APPROX_WLM_ANGLE_PER_FSR = 0.0748076933148
CAVITY_FSR = 0.0206192
MAX_OFFGRID = 0.35
MIN_CALROWS = 10
ADJUST_FACTOR = 2E-006
RELAX = 0.02
MAX_JUMP = 5000
RELAX_DEFAULT = 0.005
MAX_ANGLE_TARGETTING_ERROR = 0.02
MAX_TEMP_TARGETTING_ERROR = 2.1
RELAX_ZERO = 5E-005
CAVITY_FSR_VLASER_1 = 0.0206192
CAVITY_FSR_VLASER_2 = 0.0206192
th_HF = 10000
th_NH3 = 13000

[CAVITY_LENGTH_TUNING]
DITHER_AMPLITUDE = 2100.0
FREE_SPECTRAL_RANGE = 21764.7318572
MAX_VALUE = 50000.0
MIN_VALUE = 1000.0
UP_SLOPE = 5000
DOWN_SLOPE = 37500
PZT_SCALE_FACTOR = 40000

[LASER_CURRENT_TUNING]
DITHER_AMPLITUDE = 1200.0
FREE_SPECTRAL_RANGE = 15247.6130662
MAX_VALUE = 55000.0
MIN_VALUE = 10000.0
UP_SLOPE = 15000
DOWN_SLOPE = 15000
#checksum=779874492