timestamp = 63613895231694
[AUTOCAL]
APPROX_WLM_ANGLE_PER_FSR = 0.0805262842549
CAVITY_FSR = 0.0206239
MAX_OFFGRID = 0.35
MIN_CALROWS = 10
ADJUST_FACTOR = 0
RELAX = 0.01
MAX_JUMP = 5000
RELAX_DEFAULT = 0.005
MAX_ANGLE_TARGETTING_ERROR = 0.5
MAX_TEMP_TARGETTING_ERROR = 2.1
RELAX_ZERO = 5e-5
CAVITY_FSR_VLASER_1 = 0.0206239
CAVITY_FSR_VLASER_2 = 0.0206239
th_HF = 9000
th_NH3 = 10000

[CAVITY_LENGTH_TUNING]
DITHER_AMPLITUDE = 2100.0
FREE_SPECTRAL_RANGE = 20199.7487314
MAX_VALUE = 65000.0
MIN_VALUE = 500.0
UP_SLOPE = 5000
DOWN_SLOPE = 37500
PZT_SCALE_FACTOR = 40000

[LASER_CURRENT_TUNING]
DITHER_AMPLITUDE = 1200.0
FREE_SPECTRAL_RANGE = 15247.6130662
MAX_VALUE = 55000.0
MIN_VALUE = 10000.0
UP_SLOPE = 15000
DOWN_SLOPE = 35000
#checksum=1130667125