# Fitter configuration parameters from HF baseline fit Fri Aug 12 23:33:09 2016
HF_Baseline_level = 698.010186
HF_Baseline_slope = 2.508236
HF_Sine0_ampl =0.068
HF_Sine0_freq = 7824.000
HF_Sine0_period = 0.722400
HF_Sine0_phase = 2.235759
HF_Sine1_ampl = 0.089
HF_Sine1_freq = 7824.000
HF_Sine1_period = 1.539315
HF_Sine1_phase = -1.851612

# Fitter configuration parameters from baseline fit Sat Aug 13 00:30:22 2016
NH3_Baseline_level = 636.317268
NH3_Baseline_slope = 2.328372
NH3_Sine0_ampl =0.073
NH3_Sine0_freq = 6548.9000
NH3_Sine0_period = 1.048819
NH3_Sine0_phase = 1.287667
NH3_Sine1_ampl = 0.092
NH3_Sine1_freq = 6548.9000
NH3_Sine1_period = 0.773362
NH3_Sine1_phase = 0.936253