# Fitter configuration parameters from HF baseline fit Sun Apr 16 09:10:28 2017
HF_Baseline_level = 1053.448447
HF_Baseline_slope = 3.859287
HF_Sine0_ampl =0.235
HF_Sine0_freq = 7823.848
HF_Sine0_period = 1.696564
HF_Sine0_phase = -2.241113
HF_Sine1_ampl = 0.132
HF_Sine1_freq = 7823.848
HF_Sine1_period = 0.809254
HF_Sine1_phase = 1.163118

# Fitter configuration parameters from baseline fit Sun Apr 16 09:15:27 2017
NH3_Baseline_level = 700.379493
NH3_Baseline_slope = 2.587993
NH3_Sine0_ampl =0.104
NH3_Sine0_freq = 6548.9000
NH3_Sine0_period = 1.138025
NH3_Sine0_phase = -1.171988
NH3_Sine1_ampl = 0.214
NH3_Sine1_freq = 6548.9000
NH3_Sine1_period = 0.769807
NH3_Sine1_phase = -1.231253