# Fitter configuration parameters from baseline fit Fri Jan 07 16:40:59 2011
H2O_Baseline_slope = -0.255014
H2O_Sine0_ampl =-0.299
H2O_Sine0_freq = 6251.315
H2O_Sine0_period = 1.209945
H2O_Sine0_phase = 1.688214
H2O_Sine1_ampl = -0.002
H2O_Sine1_freq = 6251.315
H2O_Sine1_period = 0.429891
H2O_Sine1_phase = -1.378159
