# Fitter configuration parameters from baseline fit Fri Mar 03 08:18:32 2017
H2S_Baseline_level = 601.415047
H2S_Baseline_slope = -1.097471
H2S_Sine0_ampl = 0.027
H2S_Sine0_freq = 6351.000
H2S_Sine0_period = 1.166519
H2S_Sine0_phase = 0.793329
H2S_Sine1_ampl = 0.021
H2S_Sine1_freq = 6351.000
H2S_Sine1_period = 1.585351
H2S_Sine1_phase = 1.016857