timestamp = 63444621576781
[AUTOCAL]
APPROX_WLM_ANGLE_PER_FSR = 0.0806427189346
CAVITY_FSR_CO_Fixed = 0.0204901519
CAVITY_FSR = 0.0206272640324
MAX_OFFGRID = 0.35
MIN_CALROWS = 10
ADJUST_FACTOR = 1E-005
RELAX = 0.02
MAX_JUMP = 5000
RELAX_DEFAULT = 0.005
MAX_ANGLE_TARGETTING_ERROR = 0.02
MAX_TEMP_TARGETTING_ERROR = 1.7
RELAX_ZERO = 5E-005
CAVITY_FSR_VLASER_2 = 0.0206055366879
CAVITY_FSR_VLASER_5 = 0.0206058395059
CAVITY_FSR_VLASER_1 = 0.0206092072002
CAVITY_FSR_VLASER_3 = 0.0206569525596
CAVITY_FSR_VLASER_4 = 0.0206272640324

[CAVITY_LENGTH_TUNING]
DITHER_AMPLITUDE = 2100.0
FREE_SPECTRAL_RANGE = 22986.0922846
MAX_VALUE = 55000.0
MIN_VALUE = 10000.0
UP_SLOPE = 10500
DOWN_SLOPE = 37500
PZT_SCALE_FACTOR = 40000

[LASER_CURRENT_TUNING]
DITHER_AMPLITUDE = 1200.0
FREE_SPECTRAL_RANGE = 15247.6130662
MAX_VALUE = 55000.0
MIN_VALUE = 10000.0
UP_SLOPE = 15000
DOWN_SLOPE = 15000
#checksum=886614281
