[Header]
Version=1
comment="Spectral library for O2 comb in the HF region near 7824 wvn."
date=2011-04-25
[Fundamental constants]
c=2.997925000E+8
k=1.380660000E-23
AMU=1.660570000E-27
[species list]
(12)C_(16)O2=0
(13)C_(16)O2=1
(12)C_(16)O_(18)O=2
H_2(16)O=3
H2_(18)O=4
C2_H4=5
H2_S=6
O_2=7
C2_H2=8
N2_O=9
(12)CH4=10
(13)CH4=11
(12)CH3D=12
[peak0]
peak name="H2O generic"
mass=18
center=0.0
strength=3
y=0.01
z=0.0
v=0.503
frequency=0.0
species=0
[peak1]
peak name="H2O perturber at 5732.3 wvn"
mass=18
center=-4.826
strength=0.1
y=0.0077
z=0.0
v=0.503
frequency=0.0
species=0